work_id,url,checked_on,selection_evidence,http_status,final_url,content_type,bytes,sha256,truncated,elapsed_seconds,file,title,source_table_rows,directory_completeness,error
B05:1522,https://www.bsx.com/listed-securities?CoStatus%5B0%5D=1&page=13,2026-10-08,B17 explicit pagination signal; lineage:https://www.bsx.com/listed-securities?CoStatus%5B0%5D=1&page=9,200,https://www.bsx.com/listed-securities?CoStatus%5B0%5D=1&page=13,text/html; charset=utf-8,43576,a415e8e5bc4722970340b6ee11483ba673f2774e2419c90812069afab13a9207,False,0.59,reports/2026-10-08/global_directory_followup_b17/raw/bc0f66ba121c373d1eba.response,Listed Securities | Bermuda Stock Exchange | BSX,11,UNKNOWN_PAGINATION_AND_DYNAMIC_CONTENT_REVIEW,
B05:2990,https://www.iosco.org/about/?orgID=0&subsection=membership&LISTTODISPLAY=membership&memid=2&subSection1=main&page=1,2026-10-08,B17 explicit pagination signal; lineage:https://www.iosco.org/about/?orgID=0&subsection=membership&LISTTODISPLAY=membership&memid=2&subSection1=main&page=2,200,https://www.iosco.org/about/?orgID=0&subsection=membership&LISTTODISPLAY=membership&memid=2&subSection1=main&page=1,text/html;charset=UTF-8,102734,fe593a4e992068fcac0ef321fe9c52a934d7b1191556661ff3868861406c8a3f,False,0.62,reports/2026-10-08/global_directory_followup_b17/raw/a91a3ca89391a49ac114.response,IOSCO,24,UNKNOWN_PAGINATION_AND_DYNAMIC_CONTENT_REVIEW,
B05:150,https://blog.thecse.com/category/cse-issuer-stories/page/21/,2026-10-08,B17 explicit pagination signal; lineage:https://blog.thecse.com/category/cse-issuer-stories/page/22/,200,https://blog.thecse.com/category/cse-issuer-stories/page/21/,text/html; charset=UTF-8,205936,ce00ba60f17a92031b0051e676a67a8305441854ac44c969df01e35df03f4ff9,False,0.69,reports/2026-10-08/global_directory_followup_b17/raw/bf2ba11009da5c1c4ad4.response,CSE Issuer Stories Archives - Page 21 of 26 -,0,UNKNOWN_PAGINATION_AND_DYNAMIC_CONTENT_REVIEW,
B05:2438,https://www.gmex-group.com/press-release-the-uk-government-department-for-international-trade-supports-gmex-in-the-creation-of-a-new-exchange-trading-ecosystem-in-mauritius/,2026-10-08,B17 explicit pagination signal; lineage:https://www.gmex-group.com/blockchain-cryptocurrencies-and-icos-where-are-we-headed/,200,https://www.gmex-group.com/press-release-the-uk-government-department-for-international-trade-supports-gmex-in-the-creation-of-a-new-exchange-trading-ecosystem-in-mauritius/,text/html; charset=UTF-8,112547,0da9588ecbf7d7f7ff9ab415efd7fb86ffe6dd9d9753248187767a317c804988,False,0.89,reports/2026-10-08/global_directory_followup_b17/raw/610e3b4778cef5fd686d.response,Press Release: The UK Government Department for International Trade supports GMEX in the creation of a new exchange trading ecosystem in Mauritius – GMEX Group,0,UNKNOWN_PAGINATION_AND_DYNAMIC_CONTENT_REVIEW,
B05:2074,https://www.efama.org/policy/capital-markets/central-securities-depositories-regulation-csdr?page=0%2C1%2C1%2C0,2026-10-08,B17 explicit pagination signal; lineage:https://www.efama.org/policy/capital-markets/central-securities-depositories-regulation-csdr?page=0%2C0%2C1%2C0,200,https://www.efama.org/policy/capital-markets/central-securities-depositories-regulation-csdr?page=0%2C1%2C1%2C0,text/html; charset=UTF-8,124466,1fedef1fbc30f1622b80de67b0f6a8b46404c5a5fc7b71c71cf5c99fec5712fd,False,1.11,reports/2026-10-08/global_directory_followup_b17/raw/f4af129ea6406e922e89.response,Central Securities Depositories Regulation (CSDR) | EFAMA,0,UNKNOWN_PAGINATION_AND_DYNAMIC_CONTENT_REVIEW,
B05:147,https://blog.bit2me.com/es/page/30/,2026-10-08,B17 explicit pagination signal; lineage:https://blog.bit2me.com/es/page/31/,200,https://blog.bit2me.com/es/page/30/,text/html; charset=UTF-8,162826,9f72bcda8fc3a1a12c8d589fbbcd919dd30a8866ba909f725bc7cdc54a62a71b,False,1.14,reports/2026-10-08/global_directory_followup_b17/raw/1e3d1ccd3a8bb76938bd.response,Bit2Me Blog - Descubre todas las novedades de Bit2Me,0,UNKNOWN_PAGINATION_AND_DYNAMIC_CONTENT_REVIEW,
B05:1966,https://www.dfsa.ae/what-we-do/dfsa-listing-authority/official-list-of-securities?ccm_paging_p=2&ccm_order_by=cv.cvName&ccm_order_by_direction=asc,2026-10-08,B17 explicit pagination signal; lineage:https://www.dfsa.ae/what-we-do/dfsa-listing-authority/official-list-of-securities,200,https://www.dfsa.ae/what-we-do/dfsa-listing-authority/official-list-of-securities?ccm_paging_p=2&ccm_order_by=cv.cvName&ccm_order_by_direction=asc,text/html; charset=UTF-8,63019,ae2e5757b8f670aa53547da6b538e023d33b233196baff19ec770b9d349ef03f,False,1.27,reports/2026-10-08/global_directory_followup_b17/raw/484b88b3fd9e5d4f1e20.response,Official List of Securities | DFSA | THE INDEPENDENT REGULATOR OF FINANCIAL SERVICES,0,UNKNOWN_PAGINATION_AND_DYNAMIC_CONTENT_REVIEW,
B05:4075,https://www.sebon.gov.np/intermediaries/stock-brokers?page=2,2026-10-08,B17 explicit pagination signal; lineage:https://www.sebon.gov.np/intermediaries/stock-brokers,200,https://www.sebon.gov.np/intermediaries/stock-brokers?page=2,text/html; charset=utf-8,127111,d07e90a30741591c6353b21d8d1d81cfeb9502b48cfbfabbb9a75e64c2967205,False,0.7,reports/2026-10-08/global_directory_followup_b17/raw/49b1f6e3bd97ed24841e.response,SEBON,0,UNKNOWN_PAGINATION_AND_DYNAMIC_CONTENT_REVIEW,
B05:4088,https://www.secdex.net/sol-publication-of-interim-results-lifting-of-closed-period-3/,2026-10-08,B17 explicit pagination signal; lineage:https://www.secdex.net/solid-oak-insurance-pcc-ltd-2026-interim-financial-statements/,200,https://www.secdex.net/sol-publication-of-interim-results-lifting-of-closed-period-3/,text/html; charset=UTF-8,92838,600adab22983e153ac6b6aa261079456e2f65d44231d805ce311357e4ea6cd84,False,0.72,reports/2026-10-08/global_directory_followup_b17/raw/ed7e13f631b16bb3d543.response,SOL – Publication of Interim Results & Lifting of Closed Period – SECDEX,0,UNKNOWN_PAGINATION_AND_DYNAMIC_CONTENT_REVIEW,
B05:2174,https://www.euronext.com/en/listing/bonds/debt-listing-newsletter?page=1,2026-10-08,B17 explicit pagination signal; lineage:https://www.euronext.com/en/listing/bonds/debt-listing-newsletter,200,https://www.euronext.com/en/listing/bonds/debt-listing-newsletter?page=1,text/html; charset=UTF-8,406380,41bf41b79aa2c7bbdfd8e6f3e539ac288c22c9076158f641054b31963f395a78,False,1.42,reports/2026-10-08/global_directory_followup_b17/raw/668d56cd73b8cb6b33a5.response,Bonds listing newsletter | Euronext Listing,0,UNKNOWN_PAGINATION_AND_DYNAMIC_CONTENT_REVIEW,
B05:466,https://info.memxtrading.com/category/alerts-notices/trader/page/6/,2026-10-08,B17 explicit pagination signal; lineage:https://info.memxtrading.com/category/alerts-notices/trader/page/5/,200,https://info.memxtrading.com/category/alerts-notices/trader/page/6/,text/html; charset=UTF-8,145391,cc67d5accfc5613e63cfb1b99c392360e88027eb8ac484983c5fb3306f1821c0,False,1.56,reports/2026-10-08/global_directory_followup_b17/raw/0ed16be53edee86a3e4c.response,Trader Alerts – Page 6 – MEMX Exchanges,0,UNKNOWN_PAGINATION_AND_DYNAMIC_CONTENT_REVIEW,
B05:147,https://blog.bit2me.com/es/page/6/,2026-10-08,B17 explicit pagination signal; lineage:https://blog.bit2me.com/es/page/5/,200,https://blog.bit2me.com/es/page/6/,text/html; charset=UTF-8,172923,c6d35b4a31d970a2af35c7952bffcdf8a4bb7f53f325903c7246bbed8940fdad,False,0.55,reports/2026-10-08/global_directory_followup_b17/raw/4d50bd12e148d66bdb4f.response,Bit2Me Blog - Descubre todas las novedades de Bit2Me,0,UNKNOWN_PAGINATION_AND_DYNAMIC_CONTENT_REVIEW,
B05:1522,https://www.bsx.com/listed-securities?CoStatus%5B0%5D=1&page=14,2026-10-08,B17 explicit pagination signal; lineage:https://www.bsx.com/listed-securities?CoStatus%5B0%5D=1&page=10,200,https://www.bsx.com/listed-securities?CoStatus%5B0%5D=1&page=14,text/html; charset=utf-8,43725,cf8e878e72730810e81bc71946387b0b844cc9d5c005b3fa351dd18f590f60a9,False,0.39,reports/2026-10-08/global_directory_followup_b17/raw/d5008db7df82fa059f5f.response,Listed Securities | Bermuda Stock Exchange | BSX,11,UNKNOWN_PAGINATION_AND_DYNAMIC_CONTENT_REVIEW,
B05:150,https://blog.thecse.com/category/cse-issuer-stories/page/7/,2026-10-08,B17 explicit pagination signal; lineage:https://blog.thecse.com/category/cse-issuer-stories/page/6/,200,https://blog.thecse.com/category/cse-issuer-stories/page/7/,text/html; charset=UTF-8,209419,876591a5d2b7a06c3b6dd3d19023f119bd6cc9ef64ca87d125e3c0e924ce9626,False,0.62,reports/2026-10-08/global_directory_followup_b17/raw/009000dfd5f8a88232b6.response,CSE Issuer Stories Archives - Page 7 of 26 -,0,UNKNOWN_PAGINATION_AND_DYNAMIC_CONTENT_REVIEW,
B05:4840,https://www.xtb.com/int/company-news?page=10,2026-10-08,B17 explicit pagination signal; lineage:https://www.xtb.com/int/company-news?page=8,200,https://www.xtb.com/int/company-news?page=10,text/html; charset=UTF-8,215497,0564e7ffc035229a1b1357ed8df649f635c9c9f597faed682b747e1055cb7375,False,1.02,reports/2026-10-08/global_directory_followup_b17/raw/3be3acf0c99b2163291d.response,"Trading hours, press releases, rollovers, and more. Page 10 | XTB",66,UNKNOWN_PAGINATION_AND_DYNAMIC_CONTENT_REVIEW,
B05:2438,https://www.gmex-group.com/press-release-demand-derivatives-partners-with-gmex-group-to-launch-a-revolutionary-futures-exchange-and-reduced-risk-blockchain-clearing-house/,2026-10-08,B17 explicit pagination signal; lineage:https://www.gmex-group.com/press-release-the-worlds-first-hybrid-cryptocurrency-derivatives-trading-platform-goes-live/,200,https://www.gmex-group.com/press-release-demand-derivatives-partners-with-gmex-group-to-launch-a-revolutionary-futures-exchange-and-reduced-risk-blockchain-clearing-house/,text/html; charset=UTF-8,109095,4d338309aaec557f88b923d18cf1e95b065de1f72c4c58df2b065553ed9fab37,False,0.83,reports/2026-10-08/global_directory_followup_b17/raw/624758bccaf44e0b928e.response,Press Release: Demand Derivatives Partners with GMEX Group to Launch a Revolutionary Futures Exchange and Reduced-Risk Blockchain Clearing House – GMEX Group,0,UNKNOWN_PAGINATION_AND_DYNAMIC_CONTENT_REVIEW,
B05:4075,https://www.sebon.gov.np/intermediaries/stock-brokers?page=3,2026-10-08,B17 explicit pagination signal; lineage:https://www.sebon.gov.np/intermediaries/stock-brokers,200,https://www.sebon.gov.np/intermediaries/stock-brokers?page=3,text/html; charset=utf-8,123680,8a40ee3a00c1d2ac567516d09beca61fc072da0d045bec33e31b78833a9a8785,False,0.72,reports/2026-10-08/global_directory_followup_b17/raw/d094746c6899c1ea9932.response,SEBON,0,UNKNOWN_PAGINATION_AND_DYNAMIC_CONTENT_REVIEW,
B05:3515,https://www.miaxglobal.com/markets/us-equities/pearl-equities/alerts?page=0,2026-10-08,B17 explicit pagination signal; lineage:https://www.miaxglobal.com/markets/us-equities/pearl-equities/alerts,200,https://www.miaxglobal.com/markets/us-equities/pearl-equities/alerts?page=0,text/html; charset=UTF-8,127199,ca801b271016f2c6ddc30019372231c0ce601d065af6759efcd59846ae0ccffe,False,1.89,reports/2026-10-08/global_directory_followup_b17/raw/b5aaa6a61da2c852ba8e.response,MIAX Pearl Equities Alerts | MIAX,0,UNKNOWN_PAGINATION_AND_DYNAMIC_CONTENT_REVIEW,
B05:466,https://info.memxtrading.com/category/alerts-notices/trader/page/17/,2026-10-08,B17 explicit pagination signal; lineage:https://info.memxtrading.com/category/alerts-notices/trader/page/18/,200,https://info.memxtrading.com/category/alerts-notices/trader/page/17/,text/html; charset=UTF-8,146526,5d7fcf1cef93781a1e403e93df1bf9dd18c62569f942931a5e173c1b95acdacb,False,1.36,reports/2026-10-08/global_directory_followup_b17/raw/6ccc63ef31a37df2ef8b.response,Trader Alerts – Page 17 – MEMX Exchanges,0,UNKNOWN_PAGINATION_AND_DYNAMIC_CONTENT_REVIEW,
B05:4840,https://www.xtb.com/int/company-news?page=11,2026-10-08,B17 explicit pagination signal; lineage:https://www.xtb.com/int/company-news?page=9,200,https://www.xtb.com/int/company-news?page=11,text/html; charset=UTF-8,260654,941a78088809d5ea8bfe090704c26c64956f4e00441a4e664452f2628a806d76,False,0.91,reports/2026-10-08/global_directory_followup_b17/raw/8309e7ae7d361821f229.response,"Trading hours, press releases, rollovers, and more. Page 11 | XTB",79,UNKNOWN_PAGINATION_AND_DYNAMIC_CONTENT_REVIEW,
B05:147,https://blog.bit2me.com/es/secciones/notas-de-prensa/page/6/,2026-10-08,B17 explicit pagination signal; lineage:https://blog.bit2me.com/es/secciones/notas-de-prensa/page/5/,200,https://blog.bit2me.com/es/secciones/notas-de-prensa/page/6/,text/html; charset=UTF-8,147460,f0eefec270c6034a6592795d14b00e174c4658dd04789d80d874a9fb0ebf82fa,False,0.81,reports/2026-10-08/global_directory_followup_b17/raw/e31a97bb308f52c62db1.response,Notas de prensa - Página 6 de 16,0,UNKNOWN_PAGINATION_AND_DYNAMIC_CONTENT_REVIEW,
B05:1522,https://www.bsx.com/listed-securities?CoStatus%5B0%5D=1&page=15,2026-10-08,B17 explicit pagination signal; lineage:https://www.bsx.com/listed-securities?CoStatus%5B0%5D=1&page=11,200,https://www.bsx.com/listed-securities?CoStatus%5B0%5D=1&page=15,text/html; charset=utf-8,43719,48e3b86b69bcf4ced52f478ed231b1efed12b95cbcc1221715b58fa102a5b192,False,0.31,reports/2026-10-08/global_directory_followup_b17/raw/dfdc1e1db4a752984d93.response,Listed Securities | Bermuda Stock Exchange | BSX,11,UNKNOWN_PAGINATION_AND_DYNAMIC_CONTENT_REVIEW,
B05:3515,https://www.miaxglobal.com/markets/us-equities/pearl-equities/alerts?page=1,2026-10-08,B17 explicit pagination signal; lineage:https://www.miaxglobal.com/markets/us-equities/pearl-equities/alerts,200,https://www.miaxglobal.com/markets/us-equities/pearl-equities/alerts?page=1,text/html; charset=UTF-8,127464,0bc04b1e4e3a606641d88a2e05d4657997bada6b3e9e699068db809299ab4267,False,1.69,reports/2026-10-08/global_directory_followup_b17/raw/d3f62118bc4044fab201.response,MIAX Pearl Equities Alerts | MIAX,0,UNKNOWN_PAGINATION_AND_DYNAMIC_CONTENT_REVIEW,
B05:4075,https://www.sebon.gov.np/intermediaries/stock-brokers?page=4,2026-10-08,B17 explicit pagination signal; lineage:https://www.sebon.gov.np/intermediaries/stock-brokers,200,https://www.sebon.gov.np/intermediaries/stock-brokers?page=4,text/html; charset=utf-8,126935,0cdca7987b0d330974ae9a578a361a038dc714be9b8555bec5f128e61580a622,False,0.75,reports/2026-10-08/global_directory_followup_b17/raw/638eafd416ab6eaa87b1.response,SEBON,0,UNKNOWN_PAGINATION_AND_DYNAMIC_CONTENT_REVIEW,
B05:4840,https://www.xtb.com/int/company-news?page=522,2026-10-08,B17 explicit pagination signal; lineage:https://www.xtb.com/int/company-news?page=524,200,https://www.xtb.com/int/company-news?page=522,text/html; charset=UTF-8,213956,c74ea743393b2ddd59f7dd06eadd18102b4049fdd5c03dfa1cebebe8b5745fde,False,0.8,reports/2026-10-08/global_directory_followup_b17/raw/335c67ce9244f5a0317f.response,"Trading hours, press releases, rollovers, and more. Page 522 | XTB",66,UNKNOWN_PAGINATION_AND_DYNAMIC_CONTENT_REVIEW,
B05:1966,https://www.dfsa.ae/what-we-do/dfsa-listing-authority/official-list-of-securities?ccm_paging_p=3&ccm_order_by=cv.cvName&ccm_order_by_direction=asc,2026-10-08,B17 explicit pagination signal; lineage:https://www.dfsa.ae/what-we-do/dfsa-listing-authority/official-list-of-securities,200,https://www.dfsa.ae/what-we-do/dfsa-listing-authority/official-list-of-securities?ccm_paging_p=3&ccm_order_by=cv.cvName&ccm_order_by_direction=asc,text/html; charset=UTF-8,62394,6695f104dbea8dfa8e1bd31db82fc42b5176e2371562b59cc255ab08cd149963,False,2.22,reports/2026-10-08/global_directory_followup_b17/raw/e831ad373462361456d2.response,Official List of Securities | DFSA,0,UNKNOWN_PAGINATION_AND_DYNAMIC_CONTENT_REVIEW,
B05:1522,https://www.bsx.com/listed-securities?CoStatus%5B0%5D=1&page=16,2026-10-08,B17 explicit pagination signal; lineage:https://www.bsx.com/listed-securities?CoStatus%5B0%5D=1&page=12,200,https://www.bsx.com/listed-securities?CoStatus%5B0%5D=1&page=16,text/html; charset=utf-8,43680,4620e2cdc73cd0660b5121de798341f6373e5b1c69ab6a2fd6e4684146bcaddc,False,0.31,reports/2026-10-08/global_directory_followup_b17/raw/5acd408536af165abfbf.response,Listed Securities | Bermuda Stock Exchange | BSX,11,UNKNOWN_PAGINATION_AND_DYNAMIC_CONTENT_REVIEW,
B05:466,https://info.memxtrading.com/category/alerts-notices/product-notices/page/58/,2026-10-08,B17 explicit pagination signal; lineage:https://info.memxtrading.com/category/alerts-notices/product-notices/page/59/,200,https://info.memxtrading.com/category/alerts-notices/product-notices/page/58/,text/html; charset=UTF-8,136372,42c686073498d356bdb1f2a0baa367cf430a3dd829e74798e08b6152a8ba9165,False,1.45,reports/2026-10-08/global_directory_followup_b17/raw/c68949acb81cd538dd2a.response,Product Notices – Page 58 – MEMX Exchanges,0,UNKNOWN_PAGINATION_AND_DYNAMIC_CONTENT_REVIEW,
B05:1966,https://www.dfsa.ae/what-we-do/dfsa-listing-authority/official-list-of-securities?ccm_paging_p=4&ccm_order_by=cv.cvName&ccm_order_by_direction=asc,2026-10-08,B17 explicit pagination signal; lineage:https://www.dfsa.ae/what-we-do/dfsa-listing-authority/official-list-of-securities,200,https://www.dfsa.ae/what-we-do/dfsa-listing-authority/official-list-of-securities?ccm_paging_p=4&ccm_order_by=cv.cvName&ccm_order_by_direction=asc,text/html; charset=UTF-8,62778,748b10867e269d54f7f760c5df366aadbc8b24912e28dfccc52aa51a209aa605,False,1.2,reports/2026-10-08/global_directory_followup_b17/raw/8cabf23e892844de7b38.response,Official List of Securities | DFSA | THE INDEPENDENT REGULATOR OF FINANCIAL SERVICES,0,UNKNOWN_PAGINATION_AND_DYNAMIC_CONTENT_REVIEW,
B05:147,https://blog.bit2me.com/es/secciones/notas-de-prensa/page/12/,2026-10-08,B17 explicit pagination signal; lineage:https://blog.bit2me.com/es/secciones/notas-de-prensa/page/13/,200,https://blog.bit2me.com/es/secciones/notas-de-prensa/page/12/,text/html; charset=UTF-8,145724,caa8c19b6bc39b2a3f0531e601929a523f897c83a909673ceac3774f2d4533cd,False,0.62,reports/2026-10-08/global_directory_followup_b17/raw/653891e8091b4d053272.response,Notas de prensa - Página 12 de 16,0,UNKNOWN_PAGINATION_AND_DYNAMIC_CONTENT_REVIEW,
B05:3515,https://www.miaxglobal.com/markets/us-equities/pearl-equities/alerts?page=2,2026-10-08,B17 explicit pagination signal; lineage:https://www.miaxglobal.com/markets/us-equities/pearl-equities/alerts,200,https://www.miaxglobal.com/markets/us-equities/pearl-equities/alerts?page=2,text/html; charset=UTF-8,127284,efa56e0b8ba969f1004c4298a7d33d7ab484f8fcaa93b0a12de35333e8096a1a,False,1.81,reports/2026-10-08/global_directory_followup_b17/raw/5500b90835afc6cef751.response,MIAX Pearl Equities Alerts | MIAX,0,UNKNOWN_PAGINATION_AND_DYNAMIC_CONTENT_REVIEW,
B05:147,https://blog.bit2me.com/es/secciones/novedades/page/42/,2026-10-08,B17 explicit pagination signal; lineage:https://blog.bit2me.com/es/secciones/novedades/page/43/,200,https://blog.bit2me.com/es/secciones/novedades/page/42/,text/html; charset=UTF-8,145487,e604a64b05283eeaea59d735efc1fee14f3464b90a49cdd53f1592f11318d046,False,0.64,reports/2026-10-08/global_directory_followup_b17/raw/6760bdaa22a19790323a.response,Archivo blog - Página 42 de 46,0,UNKNOWN_PAGINATION_AND_DYNAMIC_CONTENT_REVIEW,
B05:4840,https://www.xtb.com/int/company-news?page=521,2026-10-08,B17 explicit pagination signal; lineage:https://www.xtb.com/int/company-news?page=523,200,https://www.xtb.com/int/company-news?page=521,text/html; charset=UTF-8,213436,3bfa211661fa83d875641876dae23e73af6f3896c93a84ba31f57888db45c5be,False,0.8,reports/2026-10-08/global_directory_followup_b17/raw/5dc1ef3492350c4443c1.response,"Trading hours, press releases, rollovers, and more. Page 521 | XTB",66,UNKNOWN_PAGINATION_AND_DYNAMIC_CONTENT_REVIEW,
B05:4075,https://www.sebon.gov.np/intermediaries/stock-brokers?page=5,2026-10-08,B17 explicit pagination signal; lineage:https://www.sebon.gov.np/intermediaries/stock-brokers,200,https://www.sebon.gov.np/intermediaries/stock-brokers?page=5,text/html; charset=utf-8,126068,a624f5fe38358a387ba9222aeafaa6987e9546fca0e90d4ad8b4cad7392e7cd1,False,0.89,reports/2026-10-08/global_directory_followup_b17/raw/d447b73773ba22ec3afe.response,SEBON,0,UNKNOWN_PAGINATION_AND_DYNAMIC_CONTENT_REVIEW,
B05:1522,https://www.bsx.com/listed-securities?CoStatus%5B0%5D=1&page=106,2026-10-08,B17 explicit pagination signal; lineage:https://www.bsx.com/listed-securities?CoStatus%5B0%5D=1&page=107,200,https://www.bsx.com/listed-securities?CoStatus%5B0%5D=1&page=106,text/html; charset=utf-8,43780,98443cdea4034e22ed4e2d1cbc5ad897385916c0791b676d4c1eb711a1ffca1b,False,0.31,reports/2026-10-08/global_directory_followup_b17/raw/d0f7d5db7ea6558dd8cf.response,Listed Securities | Bermuda Stock Exchange | BSX,11,UNKNOWN_PAGINATION_AND_DYNAMIC_CONTENT_REVIEW,
B05:3515,https://www.miaxglobal.com/markets/us-equities/pearl-equities/alerts?page=3,2026-10-08,B17 explicit pagination signal; lineage:https://www.miaxglobal.com/markets/us-equities/pearl-equities/alerts,200,https://www.miaxglobal.com/markets/us-equities/pearl-equities/alerts?page=3,text/html; charset=UTF-8,127354,a8a1add70c0907cd9fddb5328a381a4882ad72a7f5b4b5b180a038921e20edc1,False,1.56,reports/2026-10-08/global_directory_followup_b17/raw/6139ba6e9cab77b47dc8.response,MIAX Pearl Equities Alerts | MIAX,0,UNKNOWN_PAGINATION_AND_DYNAMIC_CONTENT_REVIEW,
B05:4075,https://www.sebon.gov.np/intermediaries/stock-brokers?page=6,2026-10-08,B17 explicit pagination signal; lineage:https://www.sebon.gov.np/intermediaries/stock-brokers,200,https://www.sebon.gov.np/intermediaries/stock-brokers?page=6,text/html; charset=utf-8,128862,f82f252672d51b71607051e61b29da654a945d1489d7e9b7b39981349ba6cf5f,False,0.75,reports/2026-10-08/global_directory_followup_b17/raw/e94ef30acbc59d4ca730.response,SEBON,0,UNKNOWN_PAGINATION_AND_DYNAMIC_CONTENT_REVIEW,
B05:147,https://blog.bit2me.com/es/secciones/novedades/page/6/,2026-10-08,B17 explicit pagination signal; lineage:https://blog.bit2me.com/es/secciones/novedades/page/5/,200,https://blog.bit2me.com/es/secciones/novedades/page/6/,text/html; charset=UTF-8,145536,6e63ba572eabdb7e4e409ac368ec334172166e8156bf9be22f79ab6304e505b3,False,0.75,reports/2026-10-08/global_directory_followup_b17/raw/2acaa147bc4e766208e5.response,Archivo blog - Página 6 de 46,0,UNKNOWN_PAGINATION_AND_DYNAMIC_CONTENT_REVIEW,
B05:1966,https://www.dfsa.ae/what-we-do/dfsa-listing-authority/official-list-of-securities?ccm_paging_p=6&ccm_order_by=cv.cvName&ccm_order_by_direction=asc,2026-10-08,B17 explicit pagination signal; lineage:https://www.dfsa.ae/what-we-do/dfsa-listing-authority/official-list-of-securities,200,https://www.dfsa.ae/what-we-do/dfsa-listing-authority/official-list-of-securities?ccm_paging_p=6&ccm_order_by=cv.cvName&ccm_order_by_direction=asc,text/html; charset=UTF-8,63246,fb5a0dc053a5947a5f49414ad72d8fc095390d38ed42a545255c0fe3ccad71de,False,0.98,reports/2026-10-08/global_directory_followup_b17/raw/cf3dce0e2ba42d5f79dc.response,Official List of Securities | DFSA | THE INDEPENDENT REGULATOR OF FINANCIAL SERVICES,0,UNKNOWN_PAGINATION_AND_DYNAMIC_CONTENT_REVIEW,
B05:1522,https://www.bsx.com/listed-securities?CoStatus%5B0%5D=1&page=103,2026-10-08,B17 explicit pagination signal; lineage:https://www.bsx.com/listed-securities?CoStatus%5B0%5D=1&page=107,200,https://www.bsx.com/listed-securities?CoStatus%5B0%5D=1&page=103,text/html; charset=utf-8,43641,9b3b41bfd341c4d2f2299efce59a7edd377dfeef4dc9413813e4fa061bc8462c,False,0.31,reports/2026-10-08/global_directory_followup_b17/raw/a59e98532406f2d3c3c1.response,Listed Securities | Bermuda Stock Exchange | BSX,11,UNKNOWN_PAGINATION_AND_DYNAMIC_CONTENT_REVIEW,
B05:1966,https://www.dfsa.ae/what-we-do/dfsa-listing-authority/official-list-of-securities?ccm_paging_p=5&ccm_order_by=cv.cvName&ccm_order_by_direction=asc,2026-10-08,B17 explicit pagination signal; lineage:https://www.dfsa.ae/what-we-do/dfsa-listing-authority/official-list-of-securities,200,https://www.dfsa.ae/what-we-do/dfsa-listing-authority/official-list-of-securities?ccm_paging_p=5&ccm_order_by=cv.cvName&ccm_order_by_direction=asc,text/html; charset=UTF-8,62359,047935692e784e86538c2a8871192a586574782b1c2df0a86926525dd7dc395c,False,2.19,reports/2026-10-08/global_directory_followup_b17/raw/f19be41f35ce01e9ef37.response,Official List of Securities | DFSA,0,UNKNOWN_PAGINATION_AND_DYNAMIC_CONTENT_REVIEW,
B05:1522,https://www.bsx.com/listed-securities?CoStatus%5B0%5D=1&page=104,2026-10-08,B17 explicit pagination signal; lineage:https://www.bsx.com/listed-securities?CoStatus%5B0%5D=1&page=107,200,https://www.bsx.com/listed-securities?CoStatus%5B0%5D=1&page=104,text/html; charset=utf-8,43769,7d736556ff27fd9b7eed2ea35f2503cd81ed80357e9721816efe7183b84c50f0,False,0.31,reports/2026-10-08/global_directory_followup_b17/raw/c0079318ae18e5cb89dc.response,Listed Securities | Bermuda Stock Exchange | BSX,11,UNKNOWN_PAGINATION_AND_DYNAMIC_CONTENT_REVIEW,
B05:3515,https://www.miaxglobal.com/markets/us-equities/pearl-equities/alerts?page=4,2026-10-08,B17 explicit pagination signal; lineage:https://www.miaxglobal.com/markets/us-equities/pearl-equities/alerts,200,https://www.miaxglobal.com/markets/us-equities/pearl-equities/alerts?page=4,text/html; charset=UTF-8,127705,7972aa59b2649c5807a07671a816779aa9f2e1833bc055fca90df4b466f1da17,False,1.59,reports/2026-10-08/global_directory_followup_b17/raw/7daf159d3b8fae8dd6ee.response,MIAX Pearl Equities Alerts | MIAX,0,UNKNOWN_PAGINATION_AND_DYNAMIC_CONTENT_REVIEW,
B05:147,https://blog.bit2me.com/es/secciones/token-b2m/page/6/,2026-10-08,B17 explicit pagination signal; lineage:https://blog.bit2me.com/es/secciones/token-b2m/page/5/,200,https://blog.bit2me.com/es/secciones/token-b2m/page/6/,text/html; charset=UTF-8,145336,b5aae5ae9ec98492ef5e0bb96f567e1a4101e33f752555fb070ed919b948c4fc,False,0.58,reports/2026-10-08/global_directory_followup_b17/raw/e22632e57f60353248c3.response,Token B2M - Página 6 de 10,0,UNKNOWN_PAGINATION_AND_DYNAMIC_CONTENT_REVIEW,
B05:4075,https://www.sebon.gov.np/intermediaries/stock-brokers?page=7,2026-10-08,B17 explicit pagination signal; lineage:https://www.sebon.gov.np/intermediaries/stock-brokers,200,https://www.sebon.gov.np/intermediaries/stock-brokers?page=7,text/html; charset=utf-8,124977,bc7e014a0a509d29c232835abd285460129118443b5aaa53a3e64d3668c58207,False,0.77,reports/2026-10-08/global_directory_followup_b17/raw/2eb37d16585441872999.response,SEBON,0,UNKNOWN_PAGINATION_AND_DYNAMIC_CONTENT_REVIEW,
B05:4075,https://www.sebon.gov.np/intermediaries/stock-brokers?page=8,2026-10-08,B17 explicit pagination signal; lineage:https://www.sebon.gov.np/intermediaries/stock-brokers,200,https://www.sebon.gov.np/intermediaries/stock-brokers?page=8,text/html; charset=utf-8,127490,511ae006540f1e8b44b03031912109dfc2e1b77091daa81010317bce6f718b99,False,0.67,reports/2026-10-08/global_directory_followup_b17/raw/4ac3d095d1cf91039104.response,SEBON,0,UNKNOWN_PAGINATION_AND_DYNAMIC_CONTENT_REVIEW,
B05:1966,https://www.dfsa.ae/what-we-do/dfsa-listing-authority/official-list-of-securities?ccm_paging_p=16&ccm_order_by=cv.cvName&ccm_order_by_direction=asc,2026-10-08,B17 explicit pagination signal; lineage:https://www.dfsa.ae/what-we-do/dfsa-listing-authority/official-list-of-securities,200,https://www.dfsa.ae/what-we-do/dfsa-listing-authority/official-list-of-securities?ccm_paging_p=16&ccm_order_by=cv.cvName&ccm_order_by_direction=asc,text/html; charset=UTF-8,62105,34efd4f1fd9d719434205ceaf12da0efffdc9027f9bd338127ab817246e4d0ba,False,0.98,reports/2026-10-08/global_directory_followup_b17/raw/e6a247e8de70626a3626.response,Official List of Securities | DFSA | THE INDEPENDENT REGULATOR OF FINANCIAL SERVICES,0,UNKNOWN_PAGINATION_AND_DYNAMIC_CONTENT_REVIEW,
B05:1522,https://www.bsx.com/listed-securities?CoStatus%5B0%5D=1&page=105,2026-10-08,B17 explicit pagination signal; lineage:https://www.bsx.com/listed-securities?CoStatus%5B0%5D=1&page=107,200,https://www.bsx.com/listed-securities?CoStatus%5B0%5D=1&page=105,text/html; charset=utf-8,43739,1caffcaaf6945c3a9cc1e32acbc7c40ebbfd3edac093835037a5627b660f50f1,False,0.31,reports/2026-10-08/global_directory_followup_b17/raw/446f7d6e66b2764f82b7.response,Listed Securities | Bermuda Stock Exchange | BSX,11,UNKNOWN_PAGINATION_AND_DYNAMIC_CONTENT_REVIEW,
B05:1705,https://www.cdcp.sk/cdcpweb/info-o-cp/j-s-a-register-akcionarov/?pageno=14,2026-10-08,B17 explicit pagination signal; lineage:https://www.cdcp.sk/cdcpweb/info-o-cp/j-s-a-register-akcionarov/?pageno=12,200,https://www.cdcp.sk/cdcpweb/info-o-cp/j-s-a-register-akcionarov/?pageno=14,text/html; charset=UTF-8,193824,a11217f183c573647fa7b6ef061f15ab8f525c80c2b99f8a5da5f5e927fb1a4d,False,7.36,reports/2026-10-08/global_directory_followup_b17/raw/ddf4f938a8409f01d7ab.response,"J.S.A. – Register akcionárov < CENTRÁLNY DEPOZITÁR CENNÝCH PAPIEROV SR, a.s.",14,UNKNOWN_PAGINATION_AND_DYNAMIC_CONTENT_REVIEW,
B05:3515,https://www.miaxglobal.com/markets/us-equities/pearl-equities/alerts?page=5,2026-10-08,B17 explicit pagination signal; lineage:https://www.miaxglobal.com/markets/us-equities/pearl-equities/alerts,200,https://www.miaxglobal.com/markets/us-equities/pearl-equities/alerts?page=5,text/html; charset=UTF-8,127347,0eb37f6887dc9362e23c84236087b2ffee247eb75d450dab1345799e3e6d49ec,False,2.02,reports/2026-10-08/global_directory_followup_b17/raw/918b430b41c44c79bb96.response,MIAX Pearl Equities Alerts | MIAX,0,UNKNOWN_PAGINATION_AND_DYNAMIC_CONTENT_REVIEW,
B05:3515,https://www.miaxglobal.com/markets/us-equities/pearl-equities/alerts?page=6,2026-10-08,B17 explicit pagination signal; lineage:https://www.miaxglobal.com/markets/us-equities/pearl-equities/alerts,200,https://www.miaxglobal.com/markets/us-equities/pearl-equities/alerts?page=6,text/html; charset=UTF-8,129988,9091f9e3e8e4828cbcfd31155495c6f8031b462feb9a38fe3b63e3aa6315e429,False,1.34,reports/2026-10-08/global_directory_followup_b17/raw/f17bc7dcc17b11db4420.response,MIAX Pearl Equities Alerts | MIAX,0,UNKNOWN_PAGINATION_AND_DYNAMIC_CONTENT_REVIEW,
B05:1966,https://www.dfsa.ae/what-we-do/dfsa-listing-authority/official-list-of-securities?ccm_paging_p=7&ccm_order_by=cv.cvName&ccm_order_by_direction=asc,2026-10-08,B17 explicit pagination signal; lineage:https://www.dfsa.ae/what-we-do/dfsa-listing-authority/official-list-of-securities,200,https://www.dfsa.ae/what-we-do/dfsa-listing-authority/official-list-of-securities?ccm_paging_p=7&ccm_order_by=cv.cvName&ccm_order_by_direction=asc,text/html; charset=UTF-8,62704,fe003948e1611255ebbb3d284233b9e36bb6f7a92071d8e641b026ab9b4bdd3d,False,2.36,reports/2026-10-08/global_directory_followup_b17/raw/cd973ed7818c98cc3b7e.response,Official List of Securities | DFSA,0,UNKNOWN_PAGINATION_AND_DYNAMIC_CONTENT_REVIEW,
B05:147,https://blog.bit2me.com/es/author/bit2me/page/101/,2026-10-08,B17 explicit pagination signal; lineage:https://blog.bit2me.com/es/author/bit2me/page/102/,200,https://blog.bit2me.com/es/author/bit2me/page/101/,text/html; charset=UTF-8,146536,bbab143cc7854e4a432fa14dd1b16a596459302b2c5268489ab6cf120fe58037,False,0.62,reports/2026-10-08/global_directory_followup_b17/raw/a5252f7bb5adffc7fb81.response,"Bit2Me, autor en Bit2Me Blog - Página 101 de 105",0,UNKNOWN_PAGINATION_AND_DYNAMIC_CONTENT_REVIEW,
B05:147,https://blog.bit2me.com/pt/page/6/,2026-10-08,B17 explicit pagination signal; lineage:https://blog.bit2me.com/pt/page/5/,200,https://blog.bit2me.com/pt/page/6/,text/html; charset=UTF-8,166850,1406b7c55781307711104db96ea0cfccecf7ab9f30461392a1ede103b1675fe6,False,1.61,reports/2026-10-08/global_directory_followup_b17/raw/4601baf8fb63f09cae01.response,Bit2Me Blog PT - Descubra todas as novidades do Bit2Me,0,UNKNOWN_PAGINATION_AND_DYNAMIC_CONTENT_REVIEW,
B05:4075,https://www.sebon.gov.np/intermediaries/stock-brokers?page=9,2026-10-08,B17 explicit pagination signal; lineage:https://www.sebon.gov.np/intermediaries/stock-brokers,200,https://www.sebon.gov.np/intermediaries/stock-brokers?page=9,text/html; charset=utf-8,127760,16f9e1108372c0c117e437a0c455186e0db9a3f94e0da8a7e2b9ae5ac99dc69f,False,0.84,reports/2026-10-08/global_directory_followup_b17/raw/9b9d4447a5ae223fd1b2.response,SEBON,0,UNKNOWN_PAGINATION_AND_DYNAMIC_CONTENT_REVIEW,
B05:147,https://blog.bit2me.com/es/author/bit2me/page/6/,2026-10-08,B17 explicit pagination signal; lineage:https://blog.bit2me.com/es/author/bit2me/page/5/,200,https://blog.bit2me.com/es/author/bit2me/page/6/,text/html; charset=UTF-8,147531,11abea0301e89ff33832009eccd9c5238fc1d5ab8f9b53a3edfde4d6d8b2ed1a,False,0.7,reports/2026-10-08/global_directory_followup_b17/raw/11ed22075b1e979c4d3d.response,"Bit2Me, autor en Bit2Me Blog - Página 6 de 105",0,UNKNOWN_PAGINATION_AND_DYNAMIC_CONTENT_REVIEW,
B05:3515,https://www.miaxglobal.com/markets/us-equities/pearl-equities/alerts?page=8,2026-10-08,B17 explicit pagination signal; lineage:https://www.miaxglobal.com/markets/us-equities/pearl-equities/alerts,200,https://www.miaxglobal.com/markets/us-equities/pearl-equities/alerts?page=8,text/html; charset=UTF-8,126241,b7d70ce181720419fcb7e65b7d703951a300722be8373ffab68a25ef0a07c589,False,1.23,reports/2026-10-08/global_directory_followup_b17/raw/02b22184cd4bcc490ac8.response,MIAX Pearl Equities Alerts | MIAX,0,UNKNOWN_PAGINATION_AND_DYNAMIC_CONTENT_REVIEW,
B05:147,https://blog.bit2me.com/pt/page/21/,2026-10-08,B17 explicit pagination signal; lineage:https://blog.bit2me.com/pt/page/22/,200,https://blog.bit2me.com/pt/page/21/,text/html; charset=UTF-8,159480,6bff16a63718a090c57b943f03a800a5464954553d9eb06cbfa6b0f778a91952,False,1.2,reports/2026-10-08/global_directory_followup_b17/raw/8ec3736a0ba4c14ca2a3.response,Bit2Me Blog PT - Descubra todas as novidades do Bit2Me,0,UNKNOWN_PAGINATION_AND_DYNAMIC_CONTENT_REVIEW,
B05:3515,https://www.miaxglobal.com/markets/us-equities/pearl-equities/alerts?page=7,2026-10-08,B17 explicit pagination signal; lineage:https://www.miaxglobal.com/markets/us-equities/pearl-equities/alerts,200,https://www.miaxglobal.com/markets/us-equities/pearl-equities/alerts?page=7,text/html; charset=UTF-8,128426,22912ed3ec2013ef5af822d8f86d3783a6248f9714bcaff66454e640e765340f,False,1.67,reports/2026-10-08/global_directory_followup_b17/raw/eed52a72b04de94b6beb.response,MIAX Pearl Equities Alerts | MIAX,0,UNKNOWN_PAGINATION_AND_DYNAMIC_CONTENT_REVIEW,
B05:147,https://blog.bit2me.com/en/page/6/,2026-10-08,B17 explicit pagination signal; lineage:https://blog.bit2me.com/en/page/5/,200,https://blog.bit2me.com/en/page/6/,text/html; charset=UTF-8,167193,37839ecaa158b81d45679c9fa790b70d1843f2e52b2b3519ad3c04a502f9a0b5,False,1.3,reports/2026-10-08/global_directory_followup_b17/raw/4f88bdc97dd4cb123503.response,Bit2Me Blog EN - Discover here all the news of Bit2Me,0,UNKNOWN_PAGINATION_AND_DYNAMIC_CONTENT_REVIEW,
B05:147,https://blog.bit2me.com/en/page/22/,2026-10-08,B17 explicit pagination signal; lineage:https://blog.bit2me.com/en/page/23/,200,https://blog.bit2me.com/en/page/22/,text/html; charset=UTF-8,161519,139974909ff266ae94adddc1cfe26fccb0b9ecd99187c146bfafd7c5d590cd57,False,1.34,reports/2026-10-08/global_directory_followup_b17/raw/365a14e00305b2aed85e.response,Bit2Me Blog EN - Discover here all the news of Bit2Me,0,UNKNOWN_PAGINATION_AND_DYNAMIC_CONTENT_REVIEW,
B05:147,https://blog.bit2me.com/es/secciones/only-for-app/page/44/,2026-10-08,B17 explicit pagination signal; lineage:https://blog.bit2me.com/es/secciones/only-for-app/page/45/,200,https://blog.bit2me.com/es/secciones/only-for-app/page/44/,text/html; charset=UTF-8,145332,c9cecc06d546db207081908ebc69962227bf5b1473e372ae803643dd825d85dc,False,1.14,reports/2026-10-08/global_directory_followup_b17/raw/4e4604ee18dde2faa1e4.response,Only for app - Página 44 de 48,0,UNKNOWN_PAGINATION_AND_DYNAMIC_CONTENT_REVIEW,
B05:147,https://blog.bit2me.com/es/secciones/only-for-app/page/6/,2026-10-08,B17 explicit pagination signal; lineage:https://blog.bit2me.com/es/secciones/only-for-app/page/5/,200,https://blog.bit2me.com/es/secciones/only-for-app/page/6/,text/html; charset=UTF-8,145154,538d45b4cca15ee1feef0c99e3a3c15e704103c24dc7ff355c68a15925c88bab,False,1.25,reports/2026-10-08/global_directory_followup_b17/raw/36205e5bfa52c8beb264.response,Only for app - Página 6 de 48,0,UNKNOWN_PAGINATION_AND_DYNAMIC_CONTENT_REVIEW,
B05:3515,https://www.miaxglobal.com/markets/us-equities/pearl-equities/alerts?page=91,2026-10-08,B17 explicit pagination signal; lineage:https://www.miaxglobal.com/markets/us-equities/pearl-equities/alerts,200,https://www.miaxglobal.com/markets/us-equities/pearl-equities/alerts?page=91,text/html; charset=UTF-8,124027,3d00b876db33afa0394f52f6a245652bfb866a366af82096eca7891fa92414a6,False,2.28,reports/2026-10-08/global_directory_followup_b17/raw/f6b14c21f837fe2bd5cf.response,MIAX Pearl Equities Alerts | MIAX,0,UNKNOWN_PAGINATION_AND_DYNAMIC_CONTENT_REVIEW,
B05:147,https://blog.bit2me.com/es/secciones/portada/page/63/,2026-10-08,B17 explicit pagination signal; lineage:https://blog.bit2me.com/es/secciones/portada/page/64/,200,https://blog.bit2me.com/es/secciones/portada/page/63/,text/html; charset=UTF-8,144278,af133324e44d3cd00c615a559decee21bb1c55c14d52cd7f1000bdb5d15d1e34,False,1.75,reports/2026-10-08/global_directory_followup_b17/raw/ca6b2b3341da9860154c.response,Portada - Página 63 de 67,0,UNKNOWN_PAGINATION_AND_DYNAMIC_CONTENT_REVIEW,
B05:147,https://blog.bit2me.com/es/secciones/portada/page/6/,2026-10-08,B17 explicit pagination signal; lineage:https://blog.bit2me.com/es/secciones/portada/page/5/,200,https://blog.bit2me.com/es/secciones/portada/page/6/,text/html; charset=UTF-8,146601,efe64ad080d85f2c3f539744cb2188af1ce1c38b67906359813c31cfad7f6fb1,False,1.91,reports/2026-10-08/global_directory_followup_b17/raw/4d2a0e20dc2f2ee0b777.response,Portada - Página 6 de 67,0,UNKNOWN_PAGINATION_AND_DYNAMIC_CONTENT_REVIEW,
B05:1705,https://www.cdcp.sk/cdcpweb/info-o-cp/j-s-a-register-akcionarov/?pageno=63,2026-10-08,B17 explicit pagination signal; lineage:https://www.cdcp.sk/cdcpweb/info-o-cp/j-s-a-register-akcionarov/?pageno=65,,,,,,,,,,,,TimeoutError
B05:1705,https://www.cdcp.sk/cdcpweb/info-o-cp/j-s-a-register-akcionarov/?pageno=64,2026-10-08,B17 explicit pagination signal; lineage:https://www.cdcp.sk/cdcpweb/info-o-cp/j-s-a-register-akcionarov/?pageno=65,200,https://www.cdcp.sk/cdcpweb/info-o-cp/j-s-a-register-akcionarov/?pageno=64,text/html; charset=UTF-8,193796,ec7cda2dc005a450ba5ebef14850ed0f444d18002999aff6bd93624541e7f5b3,False,15.02,reports/2026-10-08/global_directory_followup_b17/raw/f533595de161661525ef.response,"J.S.A. – Register akcionárov < CENTRÁLNY DEPOZITÁR CENNÝCH PAPIEROV SR, a.s.",14,UNKNOWN_PAGINATION_AND_DYNAMIC_CONTENT_REVIEW,
B05:1705,https://www.cdcp.sk/cdcpweb/info-o-cp/j-s-a-register-akcionarov/?pageno=15,2026-10-08,B17 explicit pagination signal; lineage:https://www.cdcp.sk/cdcpweb/info-o-cp/j-s-a-register-akcionarov/?pageno=13,200,https://www.cdcp.sk/cdcpweb/info-o-cp/j-s-a-register-akcionarov/?pageno=15,text/html; charset=UTF-8,193772,f299349209e5231a14ef2a9e9bf618fbc3c4f6e606e01666058698b4d4c17179,False,14.86,reports/2026-10-08/global_directory_followup_b17/raw/8fc802dac643fb86b6b8.response,"J.S.A. – Register akcionárov < CENTRÁLNY DEPOZITÁR CENNÝCH PAPIEROV SR, a.s.",14,UNKNOWN_PAGINATION_AND_DYNAMIC_CONTENT_REVIEW,
